
colliders
{
	0 = 0, 0, 22, 0, 22, 22, 0, 22
	1 = 0, 22, 22, 22, 22, 44, 0, 44
	2 = 0, 44, 22, 44, 22, 66, 0, 66
	3 = 0, 66, 22, 66, 22, 88, 0, 88
	4 = 0, 88, 22, 88, 22, 110, 0, 110
	5 = 0, 110, 22, 110, 22, 132, 0, 132
	6 = 0, 132, 22, 132, 22, 154, 0, 154
	7 = 0, 154, 22, 154, 22, 176, 0, 176
	8 = 0, 176, 22, 176, 22, 198, 0, 198
	9 = 0, 198, 22, 198, 22, 220, 0, 220
	10 = 0, 220, 22, 220, 22, 242, 0, 242
	11 = 0, 242, 22, 242, 22, 264, 0, 264
	12 = 0, 264, 22, 264, 22, 286, 0, 286
	13 = 0, 286, 22, 286, 22, 308, 0, 308
	14 = 0, 308, 22, 308, 22, 330, 0, 330
	15 = 0, 330, 22, 330, 22, 352, 0, 352
	16 = 0, 352, 22, 352, 22, 374, 0, 374
	17 = 0, 374, 22, 374, 22, 396, 0, 396
	18 = 0, 396, 22, 396, 22, 418, 0, 418
	19 = 0, 418, 22, 418, 22, 440, 0, 440
	20 = 0, 594, 22, 594, 22, 616, 0, 616
	21 = 0, 616, 22, 616, 22, 638, 0, 638
	22 = 0, 638, 22, 638, 22, 660, 0, 660
	23 = 0, 660, 22, 660, 22, 682, 0, 682
	24 = 0, 682, 22, 682, 22, 704, 0, 704
	25 = 0, 704, 22, 704, 22, 726, 0, 726
	26 = 0, 726, 22, 726, 22, 748, 0, 748
	27 = 0, 748, 22, 748, 22, 770, 0, 770
	28 = 0, 770, 22, 770, 22, 792, 0, 792
	29 = 0, 792, 22, 792, 22, 814, 0, 814
	30 = 0, 814, 22, 814, 22, 836, 0, 836
	31 = 0, 836, 22, 836, 22, 858, 0, 858
	32 = 0, 858, 22, 858, 22, 880, 0, 880
	33 = 22, 0, 44, 0, 44, 22, 22, 22
	34 = 22, 22, 44, 22, 44, 44, 22, 44
	35 = 22, 44, 44, 44, 44, 66, 22, 66
	36 = 22, 66, 44, 66, 44, 88, 22, 88
	37 = 22, 88, 44, 88, 44, 110, 22, 110
	38 = 22, 110, 44, 110, 44, 132, 22, 132
	39 = 22, 132, 44, 132, 44, 154, 22, 154
	40 = 22, 154, 44, 154, 44, 176, 22, 176
	41 = 22, 176, 44, 176, 44, 198, 22, 198
	42 = 22, 198, 44, 198, 44, 220, 22, 220
	43 = 22, 220, 44, 220, 44, 242, 22, 242
	44 = 22, 242, 44, 242, 44, 264, 22, 264
	45 = 22, 264, 44, 264, 44, 286, 22, 286
	46 = 22, 286, 44, 286, 44, 308, 22, 308
	47 = 22, 308, 44, 308, 44, 330, 22, 330
	48 = 22, 330, 44, 330, 44, 352, 22, 352
	49 = 22, 352, 44, 352, 44, 374, 22, 374
	50 = 22, 374, 44, 374, 44, 396, 22, 396
	51 = 22, 396, 44, 396, 44, 418, 22, 418
	52 = 22, 418, 44, 418, 44, 440, 22, 440
	53 = 22, 594, 44, 594, 44, 616, 22, 616
	54 = 22, 616, 44, 616, 44, 638, 22, 638
	55 = 22, 638, 44, 638, 44, 660, 22, 660
	56 = 22, 660, 44, 660, 44, 682, 22, 682
	57 = 22, 682, 44, 682, 44, 704, 22, 704
	58 = 22, 704, 44, 704, 44, 726, 22, 726
	59 = 22, 726, 44, 726, 44, 748, 22, 748
	60 = 22, 748, 44, 748, 44, 770, 22, 770
	61 = 22, 770, 44, 770, 44, 792, 22, 792
	62 = 22, 792, 44, 792, 44, 814, 22, 814
	63 = 22, 814, 44, 814, 44, 836, 22, 836
	64 = 22, 836, 44, 836, 44, 858, 22, 858
	65 = 22, 858, 44, 858, 44, 880, 22, 880
	66 = 44, 0, 66, 0, 66, 22, 44, 22
	67 = 44, 22, 66, 22, 66, 44, 44, 44
	68 = 44, 44, 66, 44, 66, 66, 44, 66
	69 = 44, 66, 66, 66, 66, 88, 44, 88
	70 = 44, 88, 66, 88, 66, 110, 44, 110
	71 = 44, 110, 66, 110, 66, 132, 44, 132
	72 = 44, 132, 66, 132, 66, 154, 44, 154
	73 = 44, 154, 66, 154, 66, 176, 44, 176
	74 = 44, 176, 66, 176, 66, 198, 44, 198
	75 = 44, 198, 66, 198, 66, 220, 44, 220
	76 = 44, 220, 66, 220, 66, 242, 44, 242
	77 = 44, 242, 66, 242, 66, 264, 44, 264
	78 = 44, 264, 66, 264, 66, 286, 44, 286
	79 = 44, 286, 66, 286, 66, 308, 44, 308
	80 = 44, 308, 66, 308, 66, 330, 44, 330
	81 = 44, 330, 66, 330, 66, 352, 44, 352
	82 = 44, 352, 66, 352, 66, 374, 44, 374
	83 = 44, 374, 66, 374, 66, 396, 44, 396
	84 = 44, 396, 66, 396, 66, 418, 44, 418
	85 = 44, 418, 66, 418, 66, 440, 44, 440
	86 = 44, 594, 66, 594, 66, 616, 44, 616
	87 = 44, 616, 66, 616, 66, 638, 44, 638
	88 = 44, 638, 66, 638, 66, 660, 44, 660
	89 = 44, 660, 66, 660, 66, 682, 44, 682
	90 = 44, 682, 66, 682, 66, 704, 44, 704
	91 = 44, 704, 66, 704, 66, 726, 44, 726
	92 = 44, 726, 66, 726, 66, 748, 44, 748
	93 = 44, 748, 66, 748, 66, 770, 44, 770
	94 = 44, 770, 66, 770, 66, 792, 44, 792
	95 = 44, 792, 66, 792, 66, 814, 44, 814
	96 = 44, 814, 66, 814, 66, 836, 44, 836
	97 = 44, 836, 66, 836, 66, 858, 44, 858
	98 = 44, 858, 66, 858, 66, 880, 44, 880
	99 = 66, 0, 88, 0, 88, 22, 66, 22
	100 = 66, 22, 88, 22, 88, 44, 66, 44
	101 = 66, 44, 88, 44, 88, 66, 66, 66
	102 = 66, 66, 88, 66, 88, 88, 66, 88
	103 = 66, 88, 88, 88, 88, 110, 66, 110
	104 = 66, 110, 88, 110, 88, 132, 66, 132
	105 = 66, 132, 88, 132, 88, 154, 66, 154
	106 = 66, 154, 88, 154, 88, 176, 66, 176
	107 = 66, 176, 88, 176, 88, 198, 66, 198
	108 = 66, 198, 88, 198, 88, 220, 66, 220
	109 = 66, 220, 88, 220, 88, 242, 66, 242
	110 = 66, 242, 88, 242, 88, 264, 66, 264
	111 = 66, 264, 88, 264, 88, 286, 66, 286
	112 = 66, 286, 88, 286, 88, 308, 66, 308
	113 = 66, 308, 88, 308, 88, 330, 66, 330
	114 = 66, 330, 88, 330, 88, 352, 66, 352
	115 = 66, 352, 88, 352, 88, 374, 66, 374
	116 = 66, 374, 88, 374, 88, 396, 66, 396
	117 = 66, 396, 88, 396, 88, 418, 66, 418
	118 = 66, 418, 88, 418, 88, 440, 66, 440
	119 = 66, 594, 88, 594, 88, 616, 66, 616
	120 = 66, 616, 88, 616, 88, 638, 66, 638
	121 = 66, 638, 88, 638, 88, 660, 66, 660
	122 = 66, 660, 88, 660, 88, 682, 66, 682
	123 = 66, 682, 88, 682, 88, 704, 66, 704
	124 = 66, 704, 88, 704, 88, 726, 66, 726
	125 = 66, 726, 88, 726, 88, 748, 66, 748
	126 = 66, 748, 88, 748, 88, 770, 66, 770
	127 = 66, 770, 88, 770, 88, 792, 66, 792
	128 = 66, 792, 88, 792, 88, 814, 66, 814
	129 = 66, 814, 88, 814, 88, 836, 66, 836
	130 = 66, 836, 88, 836, 88, 858, 66, 858
	131 = 66, 858, 88, 858, 88, 880, 66, 880
	132 = 88, 0, 110, 0, 110, 22, 88, 22
	133 = 88, 22, 110, 22, 110, 44, 88, 44
	134 = 88, 44, 110, 44, 110, 66, 88, 66
	135 = 88, 66, 110, 66, 110, 88, 88, 88
	136 = 88, 88, 110, 88, 110, 110, 88, 110
	137 = 88, 110, 110, 110, 110, 132, 88, 132
	138 = 88, 132, 110, 132, 110, 154, 88, 154
	139 = 88, 154, 110, 154, 110, 176, 88, 176
	140 = 88, 176, 110, 176, 110, 198, 88, 198
	141 = 88, 198, 110, 198, 110, 220, 88, 220
	142 = 88, 220, 110, 220, 110, 242, 88, 242
	143 = 88, 242, 110, 242, 110, 264, 88, 264
	144 = 88, 264, 110, 264, 110, 286, 88, 286
	145 = 88, 286, 110, 286, 110, 308, 88, 308
	146 = 88, 308, 110, 308, 110, 330, 88, 330
	147 = 88, 330, 110, 330, 110, 352, 88, 352
	148 = 88, 352, 110, 352, 110, 374, 88, 374
	149 = 88, 374, 110, 374, 110, 396, 88, 396
	150 = 88, 396, 110, 396, 110, 418, 88, 418
	151 = 88, 418, 110, 418, 110, 440, 88, 440
	152 = 88, 594, 110, 594, 110, 616, 88, 616
	153 = 88, 616, 110, 616, 110, 638, 88, 638
	154 = 88, 638, 110, 638, 110, 660, 88, 660
	155 = 88, 660, 110, 660, 110, 682, 88, 682
	156 = 88, 682, 110, 682, 110, 704, 88, 704
	157 = 88, 704, 110, 704, 110, 726, 88, 726
	158 = 88, 726, 110, 726, 110, 748, 88, 748
	159 = 88, 748, 110, 748, 110, 770, 88, 770
	160 = 88, 770, 110, 770, 110, 792, 88, 792
	161 = 88, 792, 110, 792, 110, 814, 88, 814
	162 = 88, 814, 110, 814, 110, 836, 88, 836
	163 = 88, 836, 110, 836, 110, 858, 88, 858
	164 = 88, 858, 110, 858, 110, 880, 88, 880
	165 = 110, 0, 132, 0, 132, 22, 110, 22
	166 = 110, 22, 132, 22, 132, 44, 110, 44
	167 = 110, 44, 132, 44, 132, 66, 110, 66
	168 = 110, 66, 132, 66, 132, 88, 110, 88
	169 = 110, 88, 132, 88, 132, 110, 110, 110
	170 = 110, 110, 132, 110, 132, 132, 110, 132
	171 = 110, 132, 132, 132, 132, 154, 110, 154
	172 = 110, 154, 132, 154, 132, 176, 110, 176
	173 = 110, 176, 132, 176, 132, 198, 110, 198
	174 = 110, 198, 132, 198, 132, 220, 110, 220
	175 = 110, 220, 132, 220, 132, 242, 110, 242
	176 = 110, 242, 132, 242, 132, 264, 110, 264
	177 = 110, 264, 132, 264, 132, 286, 110, 286
	178 = 110, 286, 132, 286, 132, 308, 110, 308
	179 = 110, 308, 132, 308, 132, 330, 110, 330
	180 = 110, 330, 132, 330, 132, 352, 110, 352
	181 = 110, 352, 132, 352, 132, 374, 110, 374
	182 = 110, 374, 132, 374, 132, 396, 110, 396
	183 = 110, 396, 132, 396, 132, 418, 110, 418
	184 = 110, 418, 132, 418, 132, 440, 110, 440
	185 = 110, 594, 132, 594, 132, 616, 110, 616
	186 = 110, 616, 132, 616, 132, 638, 110, 638
	187 = 110, 638, 132, 638, 132, 660, 110, 660
	188 = 110, 660, 132, 660, 132, 682, 110, 682
	189 = 110, 682, 132, 682, 132, 704, 110, 704
	190 = 110, 704, 132, 704, 132, 726, 110, 726
	191 = 110, 726, 132, 726, 132, 748, 110, 748
	192 = 110, 748, 132, 748, 132, 770, 110, 770
	193 = 110, 770, 132, 770, 132, 792, 110, 792
	194 = 110, 792, 132, 792, 132, 814, 110, 814
	195 = 110, 814, 132, 814, 132, 836, 110, 836
	196 = 110, 836, 132, 836, 132, 858, 110, 858
	197 = 110, 858, 132, 858, 132, 880, 110, 880
	198 = 132, 0, 154, 0, 154, 22, 132, 22
	199 = 132, 22, 154, 22, 154, 44, 132, 44
	200 = 132, 44, 154, 44, 154, 66, 132, 66
	201 = 132, 66, 154, 66, 154, 88, 132, 88
	202 = 132, 88, 154, 88, 154, 110, 132, 110
	203 = 132, 110, 154, 110, 154, 132, 132, 132
	204 = 132, 132, 154, 132, 154, 154, 132, 154
	205 = 132, 154, 154, 154, 154, 176, 132, 176
	206 = 132, 176, 154, 176, 154, 198, 132, 198
	207 = 132, 198, 154, 198, 154, 220, 132, 220
	208 = 132, 220, 154, 220, 154, 242, 132, 242
	209 = 132, 242, 154, 242, 154, 264, 132, 264
	210 = 132, 264, 154, 264, 154, 286, 132, 286
	211 = 132, 286, 154, 286, 154, 308, 132, 308
	212 = 132, 308, 154, 308, 154, 330, 132, 330
	213 = 132, 330, 154, 330, 154, 352, 132, 352
	214 = 132, 352, 154, 352, 154, 374, 132, 374
	215 = 132, 374, 154, 374, 154, 396, 132, 396
	216 = 132, 396, 154, 396, 154, 418, 132, 418
	217 = 132, 418, 154, 418, 154, 440, 132, 440
	218 = 132, 594, 154, 594, 154, 616, 132, 616
	219 = 132, 616, 154, 616, 154, 638, 132, 638
	220 = 132, 638, 154, 638, 154, 660, 132, 660
	221 = 132, 660, 154, 660, 154, 682, 132, 682
	222 = 132, 682, 154, 682, 154, 704, 132, 704
	223 = 132, 704, 154, 704, 154, 726, 132, 726
	224 = 132, 726, 154, 726, 154, 748, 132, 748
	225 = 132, 748, 154, 748, 154, 770, 132, 770
	226 = 132, 770, 154, 770, 154, 792, 132, 792
	227 = 132, 792, 154, 792, 154, 814, 132, 814
	228 = 132, 814, 154, 814, 154, 836, 132, 836
	229 = 132, 836, 154, 836, 154, 858, 132, 858
	230 = 132, 858, 154, 858, 154, 880, 132, 880
	231 = 154, 0, 176, 0, 176, 22, 154, 22
	232 = 154, 22, 176, 22, 176, 44, 154, 44
	233 = 154, 44, 176, 44, 176, 66, 154, 66
	234 = 154, 66, 176, 66, 176, 88, 154, 88
	235 = 154, 88, 176, 88, 176, 110, 154, 110
	236 = 154, 110, 176, 110, 176, 132, 154, 132
	237 = 154, 132, 176, 132, 176, 154, 154, 154
	238 = 154, 154, 176, 154, 176, 176, 154, 176
	239 = 154, 176, 176, 176, 176, 198, 154, 198
	240 = 154, 198, 176, 198, 176, 220, 154, 220
	241 = 154, 220, 176, 220, 176, 242, 154, 242
	242 = 154, 242, 176, 242, 176, 264, 154, 264
	243 = 154, 264, 176, 264, 176, 286, 154, 286
	244 = 154, 286, 176, 286, 176, 308, 154, 308
	245 = 154, 308, 176, 308, 176, 330, 154, 330
	246 = 154, 330, 176, 330, 176, 352, 154, 352
	247 = 154, 352, 176, 352, 176, 374, 154, 374
	248 = 154, 374, 176, 374, 176, 396, 154, 396
	249 = 154, 396, 176, 396, 176, 418, 154, 418
	250 = 154, 418, 176, 418, 176, 440, 154, 440
	251 = 154, 594, 176, 594, 176, 616, 154, 616
	252 = 154, 616, 176, 616, 176, 638, 154, 638
	253 = 154, 638, 176, 638, 176, 660, 154, 660
	254 = 154, 660, 176, 660, 176, 682, 154, 682
	255 = 154, 682, 176, 682, 176, 704, 154, 704
	256 = 154, 704, 176, 704, 176, 726, 154, 726
	257 = 154, 726, 176, 726, 176, 748, 154, 748
	258 = 154, 748, 176, 748, 176, 770, 154, 770
	259 = 154, 770, 176, 770, 176, 792, 154, 792
	260 = 154, 792, 176, 792, 176, 814, 154, 814
	261 = 154, 814, 176, 814, 176, 836, 154, 836
	262 = 154, 836, 176, 836, 176, 858, 154, 858
	263 = 154, 858, 176, 858, 176, 880, 154, 880
	264 = 176, 0, 198, 0, 198, 22, 176, 22
	265 = 176, 22, 198, 22, 198, 44, 176, 44
	266 = 176, 44, 198, 44, 198, 66, 176, 66
	267 = 176, 66, 198, 66, 198, 88, 176, 88
	268 = 176, 88, 198, 88, 198, 110, 176, 110
	269 = 176, 110, 198, 110, 198, 132, 176, 132
	270 = 176, 132, 198, 132, 198, 154, 176, 154
	271 = 176, 154, 198, 154, 198, 176, 176, 176
	272 = 176, 176, 198, 176, 198, 198, 176, 198
	273 = 176, 198, 198, 198, 198, 220, 176, 220
	274 = 176, 220, 198, 220, 198, 242, 176, 242
	275 = 176, 242, 198, 242, 198, 264, 176, 264
	276 = 176, 264, 198, 264, 198, 286, 176, 286
	277 = 176, 286, 198, 286, 198, 308, 176, 308
	278 = 176, 308, 198, 308, 198, 330, 176, 330
	279 = 176, 330, 198, 330, 198, 352, 176, 352
	280 = 176, 352, 198, 352, 198, 374, 176, 374
	281 = 176, 374, 198, 374, 198, 396, 176, 396
	282 = 176, 396, 198, 396, 198, 418, 176, 418
	283 = 176, 418, 198, 418, 198, 440, 176, 440
	284 = 176, 594, 198, 594, 198, 616, 176, 616
	285 = 176, 616, 198, 616, 198, 638, 176, 638
	286 = 176, 638, 198, 638, 198, 660, 176, 660
	287 = 176, 660, 198, 660, 198, 682, 176, 682
	288 = 176, 682, 198, 682, 198, 704, 176, 704
	289 = 176, 704, 198, 704, 198, 726, 176, 726
	290 = 176, 726, 198, 726, 198, 748, 176, 748
	291 = 176, 748, 198, 748, 198, 770, 176, 770
	292 = 176, 770, 198, 770, 198, 792, 176, 792
	293 = 176, 792, 198, 792, 198, 814, 176, 814
	294 = 176, 814, 198, 814, 198, 836, 176, 836
	295 = 176, 836, 198, 836, 198, 858, 176, 858
	296 = 176, 858, 198, 858, 198, 880, 176, 880
	297 = 198, 0, 220, 0, 220, 22, 198, 22
	298 = 198, 22, 220, 22, 220, 44, 198, 44
	299 = 198, 44, 220, 44, 220, 66, 198, 66
	300 = 198, 66, 220, 66, 220, 88, 198, 88
	301 = 198, 88, 220, 88, 220, 110, 198, 110
	302 = 198, 110, 220, 110, 220, 132, 198, 132
	303 = 198, 132, 220, 132, 220, 154, 198, 154
	304 = 198, 154, 220, 154, 220, 176, 198, 176
	305 = 198, 176, 220, 176, 220, 198, 198, 198
	306 = 198, 198, 220, 198, 220, 220, 198, 220
	307 = 198, 220, 220, 220, 220, 242, 198, 242
	308 = 198, 242, 220, 242, 220, 264, 198, 264
	309 = 198, 264, 220, 264, 220, 286, 198, 286
	310 = 198, 286, 220, 286, 220, 308, 198, 308
	311 = 198, 308, 220, 308, 220, 330, 198, 330
	312 = 198, 330, 220, 330, 220, 352, 198, 352
	313 = 198, 352, 220, 352, 220, 374, 198, 374
	314 = 198, 374, 220, 374, 220, 396, 198, 396
	315 = 198, 396, 220, 396, 220, 418, 198, 418
	316 = 198, 418, 220, 418, 220, 440, 198, 440
	317 = 198, 594, 220, 594, 220, 616, 198, 616
	318 = 198, 616, 220, 616, 220, 638, 198, 638
	319 = 198, 638, 220, 638, 220, 660, 198, 660
	320 = 198, 660, 220, 660, 220, 682, 198, 682
	321 = 198, 682, 220, 682, 220, 704, 198, 704
	322 = 198, 704, 220, 704, 220, 726, 198, 726
	323 = 198, 726, 220, 726, 220, 748, 198, 748
	324 = 198, 748, 220, 748, 220, 770, 198, 770
	325 = 198, 770, 220, 770, 220, 792, 198, 792
	326 = 198, 792, 220, 792, 220, 814, 198, 814
	327 = 198, 814, 220, 814, 220, 836, 198, 836
	328 = 198, 836, 220, 836, 220, 858, 198, 858
	329 = 198, 858, 220, 858, 220, 880, 198, 880
	330 = 220, 0, 242, 0, 242, 22, 220, 22
	331 = 220, 22, 242, 22, 242, 44, 220, 44
	332 = 220, 44, 242, 44, 242, 66, 220, 66
	333 = 220, 66, 242, 66, 242, 88, 220, 88
	334 = 220, 88, 242, 88, 242, 110, 220, 110
	335 = 220, 110, 242, 110, 242, 132, 220, 132
	336 = 220, 132, 242, 132, 242, 154, 220, 154
	337 = 220, 154, 242, 154, 242, 176, 220, 176
	338 = 220, 176, 242, 176, 242, 198, 220, 198
	339 = 220, 198, 242, 198, 242, 220, 220, 220
	340 = 220, 220, 242, 220, 242, 242, 220, 242
	341 = 220, 242, 242, 242, 242, 264, 220, 264
	342 = 220, 264, 242, 264, 242, 286, 220, 286
	343 = 220, 286, 242, 286, 242, 308, 220, 308
	344 = 220, 308, 242, 308, 242, 330, 220, 330
	345 = 220, 330, 242, 330, 242, 352, 220, 352
	346 = 220, 352, 242, 352, 242, 374, 220, 374
	347 = 220, 374, 242, 374, 242, 396, 220, 396
	348 = 220, 396, 242, 396, 242, 418, 220, 418
	349 = 220, 418, 242, 418, 242, 440, 220, 440
	350 = 220, 594, 242, 594, 242, 616, 220, 616
	351 = 220, 616, 242, 616, 242, 638, 220, 638
	352 = 220, 638, 242, 638, 242, 660, 220, 660
	353 = 220, 660, 242, 660, 242, 682, 220, 682
	354 = 220, 682, 242, 682, 242, 704, 220, 704
	355 = 220, 704, 242, 704, 242, 726, 220, 726
	356 = 220, 726, 242, 726, 242, 748, 220, 748
	357 = 220, 748, 242, 748, 242, 770, 220, 770
	358 = 220, 770, 242, 770, 242, 792, 220, 792
	359 = 220, 792, 242, 792, 242, 814, 220, 814
	360 = 220, 814, 242, 814, 242, 836, 220, 836
	361 = 220, 836, 242, 836, 242, 858, 220, 858
	362 = 220, 858, 242, 858, 242, 880, 220, 880
	363 = 242, 0, 264, 0, 264, 22, 242, 22
	364 = 242, 22, 264, 22, 264, 44, 242, 44
	365 = 242, 44, 264, 44, 264, 66, 242, 66
	366 = 242, 66, 264, 66, 264, 88, 242, 88
	367 = 242, 88, 264, 88, 264, 110, 242, 110
	368 = 242, 110, 264, 110, 264, 132, 242, 132
	369 = 242, 132, 264, 132, 264, 154, 242, 154
	370 = 242, 154, 264, 154, 264, 176, 242, 176
	371 = 242, 176, 264, 176, 264, 198, 242, 198
	372 = 242, 198, 264, 198, 264, 220, 242, 220
	373 = 242, 220, 264, 220, 264, 242, 242, 242
	374 = 242, 242, 264, 242, 264, 264, 242, 264
	375 = 242, 264, 264, 264, 264, 286, 242, 286
	376 = 242, 286, 264, 286, 264, 308, 242, 308
	377 = 242, 308, 264, 308, 264, 330, 242, 330
	378 = 242, 330, 264, 330, 264, 352, 242, 352
	379 = 242, 352, 264, 352, 264, 374, 242, 374
	380 = 242, 374, 264, 374, 264, 396, 242, 396
	381 = 242, 396, 264, 396, 264, 418, 242, 418
	382 = 242, 418, 264, 418, 264, 440, 242, 440
	383 = 242, 594, 264, 594, 264, 616, 242, 616
	384 = 242, 616, 264, 616, 264, 638, 242, 638
	385 = 242, 638, 264, 638, 264, 660, 242, 660
	386 = 242, 660, 264, 660, 264, 682, 242, 682
	387 = 242, 682, 264, 682, 264, 704, 242, 704
	388 = 242, 704, 264, 704, 264, 726, 242, 726
	389 = 264, 0, 286, 0, 286, 22, 264, 22
	390 = 264, 22, 286, 22, 286, 44, 264, 44
	391 = 264, 44, 286, 44, 286, 66, 264, 66
	392 = 264, 66, 286, 66, 286, 88, 264, 88
	393 = 264, 88, 286, 88, 286, 110, 264, 110
	394 = 264, 110, 286, 110, 286, 132, 264, 132
	395 = 264, 132, 286, 132, 286, 154, 264, 154
	396 = 264, 154, 286, 154, 286, 176, 264, 176
	397 = 264, 176, 286, 176, 286, 198, 264, 198
	398 = 264, 198, 286, 198, 286, 220, 264, 220
	399 = 264, 220, 286, 220, 286, 242, 264, 242
	400 = 264, 242, 286, 242, 286, 264, 264, 264
	401 = 264, 264, 286, 264, 286, 286, 264, 286
	402 = 264, 286, 286, 286, 286, 308, 264, 308
	403 = 264, 308, 286, 308, 286, 330, 264, 330
	404 = 264, 330, 286, 330, 286, 352, 264, 352
	405 = 264, 352, 286, 352, 286, 374, 264, 374
	406 = 264, 374, 286, 374, 286, 396, 264, 396
	407 = 264, 396, 286, 396, 286, 418, 264, 418
	408 = 264, 418, 286, 418, 286, 440, 264, 440
	409 = 264, 594, 286, 594, 286, 616, 264, 616
	410 = 264, 616, 286, 616, 286, 638, 264, 638
	411 = 264, 638, 286, 638, 286, 660, 264, 660
	412 = 264, 660, 286, 660, 286, 682, 264, 682
	413 = 264, 682, 286, 682, 286, 704, 264, 704
	414 = 264, 704, 286, 704, 286, 726, 264, 726
	415 = 286, 0, 308, 0, 308, 22, 286, 22
	416 = 286, 22, 308, 22, 308, 44, 286, 44
	417 = 286, 44, 308, 44, 308, 66, 286, 66
	418 = 286, 66, 308, 66, 308, 88, 286, 88
	419 = 286, 88, 308, 88, 308, 110, 286, 110
	420 = 286, 110, 308, 110, 308, 132, 286, 132
	421 = 286, 132, 308, 132, 308, 154, 286, 154
	422 = 286, 154, 308, 154, 308, 176, 286, 176
	423 = 286, 176, 308, 176, 308, 198, 286, 198
	424 = 286, 198, 308, 198, 308, 220, 286, 220
	425 = 286, 220, 308, 220, 308, 242, 286, 242
	426 = 286, 242, 308, 242, 308, 264, 286, 264
	427 = 286, 264, 308, 264, 308, 286, 286, 286
	428 = 286, 286, 308, 286, 308, 308, 286, 308
	429 = 286, 308, 308, 308, 308, 330, 286, 330
	430 = 286, 330, 308, 330, 308, 352, 286, 352
	431 = 286, 352, 308, 352, 308, 374, 286, 374
	432 = 286, 374, 308, 374, 308, 396, 286, 396
	433 = 286, 396, 308, 396, 308, 418, 286, 418
	434 = 286, 418, 308, 418, 308, 440, 286, 440
	435 = 286, 594, 308, 594, 308, 616, 286, 616
	436 = 286, 616, 308, 616, 308, 638, 286, 638
	437 = 286, 638, 308, 638, 308, 660, 286, 660
	438 = 286, 660, 308, 660, 308, 682, 286, 682
	439 = 286, 682, 308, 682, 308, 704, 286, 704
	440 = 286, 704, 308, 704, 308, 726, 286, 726
	441 = 308, 0, 330, 0, 330, 22, 308, 22
	442 = 308, 22, 330, 22, 330, 44, 308, 44
	443 = 308, 44, 330, 44, 330, 66, 308, 66
	444 = 308, 66, 330, 66, 330, 88, 308, 88
	445 = 308, 88, 330, 88, 330, 110, 308, 110
	446 = 308, 110, 330, 110, 330, 132, 308, 132
	447 = 308, 132, 330, 132, 330, 154, 308, 154
	448 = 308, 154, 330, 154, 330, 176, 308, 176
	449 = 308, 176, 330, 176, 330, 198, 308, 198
	450 = 308, 198, 330, 198, 330, 220, 308, 220
	451 = 308, 220, 330, 220, 330, 242, 308, 242
	452 = 308, 242, 330, 242, 330, 264, 308, 264
	453 = 308, 264, 330, 264, 330, 286, 308, 286
	454 = 308, 286, 330, 286, 330, 308, 308, 308
	455 = 308, 308, 330, 308, 330, 330, 308, 330
	456 = 308, 330, 330, 330, 330, 352, 308, 352
	457 = 308, 352, 330, 352, 330, 374, 308, 374
	458 = 308, 374, 330, 374, 330, 396, 308, 396
	459 = 308, 396, 330, 396, 330, 418, 308, 418
	460 = 308, 418, 330, 418, 330, 440, 308, 440
	461 = 330, 0, 352, 0, 352, 22, 330, 22
	462 = 330, 22, 352, 22, 352, 44, 330, 44
	463 = 330, 44, 352, 44, 352, 66, 330, 66
	464 = 330, 66, 352, 66, 352, 88, 330, 88
	465 = 330, 88, 352, 88, 352, 110, 330, 110
	466 = 330, 110, 352, 110, 352, 132, 330, 132
	467 = 330, 132, 352, 132, 352, 154, 330, 154
	468 = 330, 154, 352, 154, 352, 176, 330, 176
	469 = 330, 176, 352, 176, 352, 198, 330, 198
	470 = 330, 198, 352, 198, 352, 220, 330, 220
	471 = 330, 220, 352, 220, 352, 242, 330, 242
	472 = 330, 242, 352, 242, 352, 264, 330, 264
	473 = 330, 264, 352, 264, 352, 286, 330, 286
	474 = 330, 286, 352, 286, 352, 308, 330, 308
	475 = 330, 308, 352, 308, 352, 330, 330, 330
	476 = 330, 330, 352, 330, 352, 352, 330, 352
	477 = 330, 352, 352, 352, 352, 374, 330, 374
	478 = 330, 374, 352, 374, 352, 396, 330, 396
	479 = 330, 396, 352, 396, 352, 418, 330, 418
	480 = 330, 418, 352, 418, 352, 440, 330, 440
	481 = 352, 0, 374, 0, 374, 22, 352, 22
	482 = 352, 22, 374, 22, 374, 44, 352, 44
	483 = 352, 44, 374, 44, 374, 66, 352, 66
	484 = 352, 66, 374, 66, 374, 88, 352, 88
	485 = 352, 88, 374, 88, 374, 110, 352, 110
	486 = 352, 110, 374, 110, 374, 132, 352, 132
	487 = 352, 132, 374, 132, 374, 154, 352, 154
	488 = 352, 154, 374, 154, 374, 176, 352, 176
	489 = 352, 176, 374, 176, 374, 198, 352, 198
	490 = 352, 198, 374, 198, 374, 220, 352, 220
	491 = 352, 220, 374, 220, 374, 242, 352, 242
	492 = 352, 242, 374, 242, 374, 264, 352, 264
	493 = 352, 264, 374, 264, 374, 286, 352, 286
	494 = 352, 286, 374, 286, 374, 308, 352, 308
	495 = 352, 308, 374, 308, 374, 330, 352, 330
	496 = 352, 330, 374, 330, 374, 352, 352, 352
	497 = 352, 352, 374, 352, 374, 374, 352, 374
	498 = 352, 374, 374, 374, 374, 396, 352, 396
	499 = 352, 396, 374, 396, 374, 418, 352, 418
	500 = 352, 418, 374, 418, 374, 440, 352, 440
	501 = 462, 0, 484, 0, 484, 22, 462, 22
	502 = 462, 22, 484, 22, 484, 44, 462, 44
	503 = 462, 44, 484, 44, 484, 66, 462, 66
	504 = 462, 66, 484, 66, 484, 88, 462, 88
	505 = 462, 88, 484, 88, 484, 110, 462, 110
	506 = 462, 110, 484, 110, 484, 132, 462, 132
	507 = 462, 132, 484, 132, 484, 154, 462, 154
	508 = 462, 154, 484, 154, 484, 176, 462, 176
	509 = 462, 176, 484, 176, 484, 198, 462, 198
	510 = 462, 198, 484, 198, 484, 220, 462, 220
	511 = 462, 220, 484, 220, 484, 242, 462, 242
	512 = 462, 242, 484, 242, 484, 264, 462, 264
	513 = 462, 264, 484, 264, 484, 286, 462, 286
	514 = 462, 286, 484, 286, 484, 308, 462, 308
	515 = 462, 308, 484, 308, 484, 330, 462, 330
	516 = 462, 330, 484, 330, 484, 352, 462, 352
	517 = 462, 352, 484, 352, 484, 374, 462, 374
	518 = 462, 374, 484, 374, 484, 396, 462, 396
	519 = 462, 396, 484, 396, 484, 418, 462, 418
	520 = 462, 418, 484, 418, 484, 440, 462, 440
	521 = 484, 0, 506, 0, 506, 22, 484, 22
	522 = 484, 22, 506, 22, 506, 44, 484, 44
	523 = 484, 44, 506, 44, 506, 66, 484, 66
	524 = 484, 66, 506, 66, 506, 88, 484, 88
	525 = 484, 88, 506, 88, 506, 110, 484, 110
	526 = 484, 110, 506, 110, 506, 132, 484, 132
	527 = 484, 132, 506, 132, 506, 154, 484, 154
	528 = 484, 154, 506, 154, 506, 176, 484, 176
	529 = 484, 176, 506, 176, 506, 198, 484, 198
	530 = 484, 198, 506, 198, 506, 220, 484, 220
	531 = 484, 220, 506, 220, 506, 242, 484, 242
	532 = 484, 242, 506, 242, 506, 264, 484, 264
	533 = 484, 264, 506, 264, 506, 286, 484, 286
	534 = 484, 286, 506, 286, 506, 308, 484, 308
	535 = 484, 308, 506, 308, 506, 330, 484, 330
	536 = 484, 330, 506, 330, 506, 352, 484, 352
	537 = 484, 352, 506, 352, 506, 374, 484, 374
	538 = 484, 374, 506, 374, 506, 396, 484, 396
	539 = 484, 396, 506, 396, 506, 418, 484, 418
	540 = 484, 418, 506, 418, 506, 440, 484, 440
	541 = 506, 0, 528, 0, 528, 22, 506, 22
	542 = 506, 22, 528, 22, 528, 44, 506, 44
	543 = 506, 44, 528, 44, 528, 66, 506, 66
	544 = 506, 66, 528, 66, 528, 88, 506, 88
	545 = 506, 88, 528, 88, 528, 110, 506, 110
	546 = 506, 110, 528, 110, 528, 132, 506, 132
	547 = 506, 132, 528, 132, 528, 154, 506, 154
	548 = 506, 154, 528, 154, 528, 176, 506, 176
	549 = 506, 176, 528, 176, 528, 198, 506, 198
	550 = 506, 198, 528, 198, 528, 220, 506, 220
	551 = 506, 220, 528, 220, 528, 242, 506, 242
	552 = 506, 242, 528, 242, 528, 264, 506, 264
	553 = 506, 264, 528, 264, 528, 286, 506, 286
	554 = 506, 286, 528, 286, 528, 308, 506, 308
	555 = 506, 308, 528, 308, 528, 330, 506, 330
	556 = 506, 330, 528, 330, 528, 352, 506, 352
	557 = 506, 352, 528, 352, 528, 374, 506, 374
	558 = 506, 374, 528, 374, 528, 396, 506, 396
	559 = 506, 396, 528, 396, 528, 418, 506, 418
	560 = 506, 418, 528, 418, 528, 440, 506, 440
	561 = 506, 572, 528, 572, 528, 594, 506, 594
	562 = 506, 594, 528, 594, 528, 616, 506, 616
	563 = 506, 616, 528, 616, 528, 638, 506, 638
	564 = 506, 638, 528, 638, 528, 660, 506, 660
	565 = 506, 660, 528, 660, 528, 682, 506, 682
	566 = 506, 682, 528, 682, 528, 704, 506, 704
	567 = 528, 0, 550, 0, 550, 22, 528, 22
	568 = 528, 22, 550, 22, 550, 44, 528, 44
	569 = 528, 44, 550, 44, 550, 66, 528, 66
	570 = 528, 66, 550, 66, 550, 88, 528, 88
	571 = 528, 88, 550, 88, 550, 110, 528, 110
	572 = 528, 110, 550, 110, 550, 132, 528, 132
	573 = 528, 132, 550, 132, 550, 154, 528, 154
	574 = 528, 154, 550, 154, 550, 176, 528, 176
	575 = 528, 176, 550, 176, 550, 198, 528, 198
	576 = 528, 198, 550, 198, 550, 220, 528, 220
	577 = 528, 220, 550, 220, 550, 242, 528, 242
	578 = 528, 242, 550, 242, 550, 264, 528, 264
	579 = 528, 264, 550, 264, 550, 286, 528, 286
	580 = 528, 286, 550, 286, 550, 308, 528, 308
	581 = 528, 308, 550, 308, 550, 330, 528, 330
	582 = 528, 330, 550, 330, 550, 352, 528, 352
	583 = 528, 352, 550, 352, 550, 374, 528, 374
	584 = 528, 374, 550, 374, 550, 396, 528, 396
	585 = 528, 396, 550, 396, 550, 418, 528, 418
	586 = 528, 418, 550, 418, 550, 440, 528, 440
	587 = 528, 572, 550, 572, 550, 594, 528, 594
	588 = 528, 594, 550, 594, 550, 616, 528, 616
	589 = 528, 616, 550, 616, 550, 638, 528, 638
	590 = 528, 638, 550, 638, 550, 660, 528, 660
	591 = 528, 660, 550, 660, 550, 682, 528, 682
	592 = 528, 682, 550, 682, 550, 704, 528, 704
	593 = 550, 0, 572, 0, 572, 22, 550, 22
	594 = 550, 22, 572, 22, 572, 44, 550, 44
	595 = 550, 44, 572, 44, 572, 66, 550, 66
	596 = 550, 66, 572, 66, 572, 88, 550, 88
	597 = 550, 88, 572, 88, 572, 110, 550, 110
	598 = 550, 110, 572, 110, 572, 132, 550, 132
	599 = 550, 132, 572, 132, 572, 154, 550, 154
	600 = 550, 154, 572, 154, 572, 176, 550, 176
	601 = 550, 176, 572, 176, 572, 198, 550, 198
	602 = 550, 198, 572, 198, 572, 220, 550, 220
	603 = 550, 220, 572, 220, 572, 242, 550, 242
	604 = 550, 242, 572, 242, 572, 264, 550, 264
	605 = 550, 264, 572, 264, 572, 286, 550, 286
	606 = 550, 286, 572, 286, 572, 308, 550, 308
	607 = 550, 308, 572, 308, 572, 330, 550, 330
	608 = 550, 330, 572, 330, 572, 352, 550, 352
	609 = 550, 352, 572, 352, 572, 374, 550, 374
	610 = 550, 374, 572, 374, 572, 396, 550, 396
	611 = 550, 396, 572, 396, 572, 418, 550, 418
	612 = 550, 418, 572, 418, 572, 440, 550, 440
	613 = 550, 572, 572, 572, 572, 594, 550, 594
	614 = 550, 594, 572, 594, 572, 616, 550, 616
	615 = 550, 616, 572, 616, 572, 638, 550, 638
	616 = 550, 638, 572, 638, 572, 660, 550, 660
	617 = 550, 660, 572, 660, 572, 682, 550, 682
	618 = 550, 682, 572, 682, 572, 704, 550, 704
	619 = 572, 0, 594, 0, 594, 22, 572, 22
	620 = 572, 22, 594, 22, 594, 44, 572, 44
	621 = 572, 44, 594, 44, 594, 66, 572, 66
	622 = 572, 66, 594, 66, 594, 88, 572, 88
	623 = 572, 88, 594, 88, 594, 110, 572, 110
	624 = 572, 110, 594, 110, 594, 132, 572, 132
	625 = 572, 132, 594, 132, 594, 154, 572, 154
	626 = 572, 154, 594, 154, 594, 176, 572, 176
	627 = 572, 176, 594, 176, 594, 198, 572, 198
	628 = 572, 198, 594, 198, 594, 220, 572, 220
	629 = 572, 220, 594, 220, 594, 242, 572, 242
	630 = 572, 242, 594, 242, 594, 264, 572, 264
	631 = 572, 264, 594, 264, 594, 286, 572, 286
	632 = 572, 286, 594, 286, 594, 308, 572, 308
	633 = 572, 308, 594, 308, 594, 330, 572, 330
	634 = 572, 330, 594, 330, 594, 352, 572, 352
	635 = 572, 352, 594, 352, 594, 374, 572, 374
	636 = 572, 374, 594, 374, 594, 396, 572, 396
	637 = 572, 396, 594, 396, 594, 418, 572, 418
	638 = 572, 418, 594, 418, 594, 440, 572, 440
	639 = 572, 572, 594, 572, 594, 594, 572, 594
	640 = 572, 594, 594, 594, 594, 616, 572, 616
	641 = 572, 616, 594, 616, 594, 638, 572, 638
	642 = 572, 638, 594, 638, 594, 660, 572, 660
	643 = 572, 660, 594, 660, 594, 682, 572, 682
	644 = 572, 682, 594, 682, 594, 704, 572, 704
	645 = 594, 0, 616, 0, 616, 22, 594, 22
	646 = 594, 22, 616, 22, 616, 44, 594, 44
	647 = 594, 44, 616, 44, 616, 66, 594, 66
	648 = 594, 66, 616, 66, 616, 88, 594, 88
	649 = 594, 88, 616, 88, 616, 110, 594, 110
	650 = 594, 110, 616, 110, 616, 132, 594, 132
	651 = 594, 132, 616, 132, 616, 154, 594, 154
	652 = 594, 154, 616, 154, 616, 176, 594, 176
	653 = 594, 176, 616, 176, 616, 198, 594, 198
	654 = 594, 198, 616, 198, 616, 220, 594, 220
	655 = 594, 220, 616, 220, 616, 242, 594, 242
	656 = 594, 242, 616, 242, 616, 264, 594, 264
	657 = 594, 264, 616, 264, 616, 286, 594, 286
	658 = 594, 286, 616, 286, 616, 308, 594, 308
	659 = 594, 308, 616, 308, 616, 330, 594, 330
	660 = 594, 330, 616, 330, 616, 352, 594, 352
	661 = 594, 352, 616, 352, 616, 374, 594, 374
	662 = 594, 374, 616, 374, 616, 396, 594, 396
	663 = 594, 396, 616, 396, 616, 418, 594, 418
	664 = 594, 418, 616, 418, 616, 440, 594, 440
	665 = 594, 572, 616, 572, 616, 594, 594, 594
	666 = 594, 594, 616, 594, 616, 616, 594, 616
	667 = 594, 616, 616, 616, 616, 638, 594, 638
	668 = 594, 638, 616, 638, 616, 660, 594, 660
	669 = 594, 660, 616, 660, 616, 682, 594, 682
	670 = 594, 682, 616, 682, 616, 704, 594, 704
	671 = 616, 0, 638, 0, 638, 22, 616, 22
	672 = 616, 22, 638, 22, 638, 44, 616, 44
	673 = 616, 44, 638, 44, 638, 66, 616, 66
	674 = 616, 66, 638, 66, 638, 88, 616, 88
	675 = 616, 88, 638, 88, 638, 110, 616, 110
	676 = 616, 110, 638, 110, 638, 132, 616, 132
	677 = 616, 132, 638, 132, 638, 154, 616, 154
	678 = 616, 154, 638, 154, 638, 176, 616, 176
	679 = 616, 176, 638, 176, 638, 198, 616, 198
	680 = 616, 198, 638, 198, 638, 220, 616, 220
	681 = 616, 220, 638, 220, 638, 242, 616, 242
	682 = 616, 242, 638, 242, 638, 264, 616, 264
	683 = 616, 264, 638, 264, 638, 286, 616, 286
	684 = 616, 286, 638, 286, 638, 308, 616, 308
	685 = 616, 308, 638, 308, 638, 330, 616, 330
	686 = 616, 330, 638, 330, 638, 352, 616, 352
	687 = 616, 352, 638, 352, 638, 374, 616, 374
	688 = 616, 374, 638, 374, 638, 396, 616, 396
	689 = 616, 396, 638, 396, 638, 418, 616, 418
	690 = 616, 418, 638, 418, 638, 440, 616, 440
	691 = 616, 572, 638, 572, 638, 594, 616, 594
	692 = 616, 594, 638, 594, 638, 616, 616, 616
	693 = 616, 616, 638, 616, 638, 638, 616, 638
	694 = 616, 638, 638, 638, 638, 660, 616, 660
	695 = 616, 660, 638, 660, 638, 682, 616, 682
	696 = 616, 682, 638, 682, 638, 704, 616, 704
	697 = 638, 0, 660, 0, 660, 22, 638, 22
	698 = 638, 22, 660, 22, 660, 44, 638, 44
	699 = 638, 44, 660, 44, 660, 66, 638, 66
	700 = 638, 66, 660, 66, 660, 88, 638, 88
	701 = 638, 88, 660, 88, 660, 110, 638, 110
	702 = 638, 110, 660, 110, 660, 132, 638, 132
	703 = 638, 132, 660, 132, 660, 154, 638, 154
	704 = 638, 154, 660, 154, 660, 176, 638, 176
	705 = 638, 176, 660, 176, 660, 198, 638, 198
	706 = 638, 198, 660, 198, 660, 220, 638, 220
	707 = 638, 220, 660, 220, 660, 242, 638, 242
	708 = 638, 242, 660, 242, 660, 264, 638, 264
	709 = 638, 264, 660, 264, 660, 286, 638, 286
	710 = 638, 286, 660, 286, 660, 308, 638, 308
	711 = 638, 308, 660, 308, 660, 330, 638, 330
	712 = 638, 330, 660, 330, 660, 352, 638, 352
	713 = 638, 352, 660, 352, 660, 374, 638, 374
	714 = 638, 374, 660, 374, 660, 396, 638, 396
	715 = 638, 396, 660, 396, 660, 418, 638, 418
	716 = 638, 418, 660, 418, 660, 440, 638, 440
	717 = 638, 572, 660, 572, 660, 594, 638, 594
	718 = 638, 594, 660, 594, 660, 616, 638, 616
	719 = 638, 616, 660, 616, 660, 638, 638, 638
	720 = 638, 638, 660, 638, 660, 660, 638, 660
	721 = 638, 660, 660, 660, 660, 682, 638, 682
	722 = 638, 682, 660, 682, 660, 704, 638, 704
	723 = 638, 704, 660, 704, 660, 726, 638, 726
	724 = 638, 726, 660, 726, 660, 748, 638, 748
	725 = 638, 748, 660, 748, 660, 770, 638, 770
	726 = 638, 770, 660, 770, 660, 792, 638, 792
	727 = 638, 792, 660, 792, 660, 814, 638, 814
	728 = 638, 814, 660, 814, 660, 836, 638, 836
	729 = 638, 836, 660, 836, 660, 858, 638, 858
	730 = 638, 858, 660, 858, 660, 880, 638, 880
	731 = 660, 0, 682, 0, 682, 22, 660, 22
	732 = 660, 22, 682, 22, 682, 44, 660, 44
	733 = 660, 44, 682, 44, 682, 66, 660, 66
	734 = 660, 66, 682, 66, 682, 88, 660, 88
	735 = 660, 88, 682, 88, 682, 110, 660, 110
	736 = 660, 110, 682, 110, 682, 132, 660, 132
	737 = 660, 132, 682, 132, 682, 154, 660, 154
	738 = 660, 154, 682, 154, 682, 176, 660, 176
	739 = 660, 176, 682, 176, 682, 198, 660, 198
	740 = 660, 198, 682, 198, 682, 220, 660, 220
	741 = 660, 220, 682, 220, 682, 242, 660, 242
	742 = 660, 242, 682, 242, 682, 264, 660, 264
	743 = 660, 264, 682, 264, 682, 286, 660, 286
	744 = 660, 286, 682, 286, 682, 308, 660, 308
	745 = 660, 308, 682, 308, 682, 330, 660, 330
	746 = 660, 330, 682, 330, 682, 352, 660, 352
	747 = 660, 352, 682, 352, 682, 374, 660, 374
	748 = 660, 374, 682, 374, 682, 396, 660, 396
	749 = 660, 396, 682, 396, 682, 418, 660, 418
	750 = 660, 418, 682, 418, 682, 440, 660, 440
	751 = 660, 572, 682, 572, 682, 594, 660, 594
	752 = 660, 594, 682, 594, 682, 616, 660, 616
	753 = 660, 616, 682, 616, 682, 638, 660, 638
	754 = 660, 638, 682, 638, 682, 660, 660, 660
	755 = 660, 660, 682, 660, 682, 682, 660, 682
	756 = 660, 682, 682, 682, 682, 704, 660, 704
	757 = 660, 704, 682, 704, 682, 726, 660, 726
	758 = 660, 726, 682, 726, 682, 748, 660, 748
	759 = 660, 748, 682, 748, 682, 770, 660, 770
	760 = 660, 770, 682, 770, 682, 792, 660, 792
	761 = 660, 792, 682, 792, 682, 814, 660, 814
	762 = 660, 814, 682, 814, 682, 836, 660, 836
	763 = 660, 836, 682, 836, 682, 858, 660, 858
	764 = 660, 858, 682, 858, 682, 880, 660, 880
	765 = 682, 0, 704, 0, 704, 22, 682, 22
	766 = 682, 22, 704, 22, 704, 44, 682, 44
	767 = 682, 44, 704, 44, 704, 66, 682, 66
	768 = 682, 66, 704, 66, 704, 88, 682, 88
	769 = 682, 88, 704, 88, 704, 110, 682, 110
	770 = 682, 110, 704, 110, 704, 132, 682, 132
	771 = 682, 132, 704, 132, 704, 154, 682, 154
	772 = 682, 154, 704, 154, 704, 176, 682, 176
	773 = 682, 176, 704, 176, 704, 198, 682, 198
	774 = 682, 198, 704, 198, 704, 220, 682, 220
	775 = 682, 220, 704, 220, 704, 242, 682, 242
	776 = 682, 242, 704, 242, 704, 264, 682, 264
	777 = 682, 264, 704, 264, 704, 286, 682, 286
	778 = 682, 286, 704, 286, 704, 308, 682, 308
	779 = 682, 308, 704, 308, 704, 330, 682, 330
	780 = 682, 330, 704, 330, 704, 352, 682, 352
	781 = 682, 352, 704, 352, 704, 374, 682, 374
	782 = 682, 374, 704, 374, 704, 396, 682, 396
	783 = 682, 396, 704, 396, 704, 418, 682, 418
	784 = 682, 418, 704, 418, 704, 440, 682, 440
	785 = 682, 572, 704, 572, 704, 594, 682, 594
	786 = 682, 594, 704, 594, 704, 616, 682, 616
	787 = 682, 616, 704, 616, 704, 638, 682, 638
	788 = 682, 638, 704, 638, 704, 660, 682, 660
	789 = 682, 660, 704, 660, 704, 682, 682, 682
	790 = 682, 682, 704, 682, 704, 704, 682, 704
	791 = 682, 704, 704, 704, 704, 726, 682, 726
	792 = 682, 726, 704, 726, 704, 748, 682, 748
	793 = 682, 748, 704, 748, 704, 770, 682, 770
	794 = 682, 770, 704, 770, 704, 792, 682, 792
	795 = 682, 792, 704, 792, 704, 814, 682, 814
	796 = 682, 814, 704, 814, 704, 836, 682, 836
	797 = 682, 836, 704, 836, 704, 858, 682, 858
	798 = 682, 858, 704, 858, 704, 880, 682, 880
	799 = 704, 0, 726, 0, 726, 22, 704, 22
	800 = 704, 22, 726, 22, 726, 44, 704, 44
	801 = 704, 44, 726, 44, 726, 66, 704, 66
	802 = 704, 66, 726, 66, 726, 88, 704, 88
	803 = 704, 88, 726, 88, 726, 110, 704, 110
	804 = 704, 110, 726, 110, 726, 132, 704, 132
	805 = 704, 132, 726, 132, 726, 154, 704, 154
	806 = 704, 154, 726, 154, 726, 176, 704, 176
	807 = 704, 176, 726, 176, 726, 198, 704, 198
	808 = 704, 198, 726, 198, 726, 220, 704, 220
	809 = 704, 220, 726, 220, 726, 242, 704, 242
	810 = 704, 242, 726, 242, 726, 264, 704, 264
	811 = 704, 264, 726, 264, 726, 286, 704, 286
	812 = 704, 286, 726, 286, 726, 308, 704, 308
	813 = 704, 308, 726, 308, 726, 330, 704, 330
	814 = 704, 330, 726, 330, 726, 352, 704, 352
	815 = 704, 352, 726, 352, 726, 374, 704, 374
	816 = 704, 374, 726, 374, 726, 396, 704, 396
	817 = 704, 396, 726, 396, 726, 418, 704, 418
	818 = 704, 418, 726, 418, 726, 440, 704, 440
	819 = 704, 572, 726, 572, 726, 594, 704, 594
	820 = 704, 594, 726, 594, 726, 616, 704, 616
	821 = 704, 616, 726, 616, 726, 638, 704, 638
	822 = 704, 638, 726, 638, 726, 660, 704, 660
	823 = 704, 660, 726, 660, 726, 682, 704, 682
	824 = 704, 682, 726, 682, 726, 704, 704, 704
	825 = 704, 704, 726, 704, 726, 726, 704, 726
	826 = 704, 726, 726, 726, 726, 748, 704, 748
	827 = 704, 748, 726, 748, 726, 770, 704, 770
	828 = 704, 770, 726, 770, 726, 792, 704, 792
	829 = 704, 792, 726, 792, 726, 814, 704, 814
	830 = 704, 814, 726, 814, 726, 836, 704, 836
	831 = 704, 836, 726, 836, 726, 858, 704, 858
	832 = 704, 858, 726, 858, 726, 880, 704, 880
	833 = 726, 0, 748, 0, 748, 22, 726, 22
	834 = 726, 22, 748, 22, 748, 44, 726, 44
	835 = 726, 44, 748, 44, 748, 66, 726, 66
	836 = 726, 66, 748, 66, 748, 88, 726, 88
	837 = 726, 88, 748, 88, 748, 110, 726, 110
	838 = 726, 110, 748, 110, 748, 132, 726, 132
	839 = 726, 132, 748, 132, 748, 154, 726, 154
	840 = 726, 154, 748, 154, 748, 176, 726, 176
	841 = 726, 176, 748, 176, 748, 198, 726, 198
	842 = 726, 198, 748, 198, 748, 220, 726, 220
	843 = 726, 220, 748, 220, 748, 242, 726, 242
	844 = 726, 242, 748, 242, 748, 264, 726, 264
	845 = 726, 264, 748, 264, 748, 286, 726, 286
	846 = 726, 286, 748, 286, 748, 308, 726, 308
	847 = 726, 308, 748, 308, 748, 330, 726, 330
	848 = 726, 330, 748, 330, 748, 352, 726, 352
	849 = 726, 352, 748, 352, 748, 374, 726, 374
	850 = 726, 374, 748, 374, 748, 396, 726, 396
	851 = 726, 396, 748, 396, 748, 418, 726, 418
	852 = 726, 418, 748, 418, 748, 440, 726, 440
	853 = 726, 572, 748, 572, 748, 594, 726, 594
	854 = 726, 594, 748, 594, 748, 616, 726, 616
	855 = 726, 616, 748, 616, 748, 638, 726, 638
	856 = 726, 638, 748, 638, 748, 660, 726, 660
	857 = 726, 660, 748, 660, 748, 682, 726, 682
	858 = 726, 682, 748, 682, 748, 704, 726, 704
	859 = 726, 704, 748, 704, 748, 726, 726, 726
	860 = 726, 726, 748, 726, 748, 748, 726, 748
	861 = 726, 748, 748, 748, 748, 770, 726, 770
	862 = 726, 770, 748, 770, 748, 792, 726, 792
	863 = 726, 792, 748, 792, 748, 814, 726, 814
	864 = 726, 814, 748, 814, 748, 836, 726, 836
	865 = 726, 836, 748, 836, 748, 858, 726, 858
	866 = 726, 858, 748, 858, 748, 880, 726, 880
	867 = 748, 0, 770, 0, 770, 22, 748, 22
	868 = 748, 22, 770, 22, 770, 44, 748, 44
	869 = 748, 44, 770, 44, 770, 66, 748, 66
	870 = 748, 66, 770, 66, 770, 88, 748, 88
	871 = 748, 88, 770, 88, 770, 110, 748, 110
	872 = 748, 110, 770, 110, 770, 132, 748, 132
	873 = 748, 132, 770, 132, 770, 154, 748, 154
	874 = 748, 154, 770, 154, 770, 176, 748, 176
	875 = 748, 176, 770, 176, 770, 198, 748, 198
	876 = 748, 198, 770, 198, 770, 220, 748, 220
	877 = 748, 220, 770, 220, 770, 242, 748, 242
	878 = 748, 242, 770, 242, 770, 264, 748, 264
	879 = 748, 264, 770, 264, 770, 286, 748, 286
	880 = 748, 286, 770, 286, 770, 308, 748, 308
	881 = 748, 308, 770, 308, 770, 330, 748, 330
	882 = 748, 330, 770, 330, 770, 352, 748, 352
	883 = 748, 352, 770, 352, 770, 374, 748, 374
	884 = 748, 374, 770, 374, 770, 396, 748, 396
	885 = 748, 396, 770, 396, 770, 418, 748, 418
	886 = 748, 418, 770, 418, 770, 440, 748, 440
	887 = 748, 572, 770, 572, 770, 594, 748, 594
	888 = 748, 594, 770, 594, 770, 616, 748, 616
	889 = 748, 616, 770, 616, 770, 638, 748, 638
	890 = 748, 638, 770, 638, 770, 660, 748, 660
	891 = 748, 660, 770, 660, 770, 682, 748, 682
	892 = 748, 682, 770, 682, 770, 704, 748, 704
	893 = 748, 704, 770, 704, 770, 726, 748, 726
	894 = 748, 726, 770, 726, 770, 748, 748, 748
	895 = 748, 748, 770, 748, 770, 770, 748, 770
	896 = 748, 770, 770, 770, 770, 792, 748, 792
	897 = 748, 792, 770, 792, 770, 814, 748, 814
	898 = 748, 814, 770, 814, 770, 836, 748, 836
	899 = 748, 836, 770, 836, 770, 858, 748, 858
	900 = 748, 858, 770, 858, 770, 880, 748, 880
	901 = 770, 0, 792, 0, 792, 22, 770, 22
	902 = 770, 22, 792, 22, 792, 44, 770, 44
	903 = 770, 44, 792, 44, 792, 66, 770, 66
	904 = 770, 66, 792, 66, 792, 88, 770, 88
	905 = 770, 88, 792, 88, 792, 110, 770, 110
	906 = 770, 110, 792, 110, 792, 132, 770, 132
	907 = 770, 132, 792, 132, 792, 154, 770, 154
	908 = 770, 154, 792, 154, 792, 176, 770, 176
	909 = 770, 176, 792, 176, 792, 198, 770, 198
	910 = 770, 198, 792, 198, 792, 220, 770, 220
	911 = 770, 220, 792, 220, 792, 242, 770, 242
	912 = 770, 242, 792, 242, 792, 264, 770, 264
	913 = 770, 264, 792, 264, 792, 286, 770, 286
	914 = 770, 286, 792, 286, 792, 308, 770, 308
	915 = 770, 308, 792, 308, 792, 330, 770, 330
	916 = 770, 330, 792, 330, 792, 352, 770, 352
	917 = 770, 352, 792, 352, 792, 374, 770, 374
	918 = 770, 374, 792, 374, 792, 396, 770, 396
	919 = 770, 396, 792, 396, 792, 418, 770, 418
	920 = 770, 418, 792, 418, 792, 440, 770, 440
	921 = 770, 572, 792, 572, 792, 594, 770, 594
	922 = 770, 594, 792, 594, 792, 616, 770, 616
	923 = 770, 616, 792, 616, 792, 638, 770, 638
	924 = 770, 638, 792, 638, 792, 660, 770, 660
	925 = 770, 660, 792, 660, 792, 682, 770, 682
	926 = 770, 682, 792, 682, 792, 704, 770, 704
	927 = 770, 704, 792, 704, 792, 726, 770, 726
	928 = 770, 726, 792, 726, 792, 748, 770, 748
	929 = 770, 748, 792, 748, 792, 770, 770, 770
	930 = 770, 770, 792, 770, 792, 792, 770, 792
	931 = 770, 792, 792, 792, 792, 814, 770, 814
	932 = 770, 814, 792, 814, 792, 836, 770, 836
	933 = 770, 836, 792, 836, 792, 858, 770, 858
	934 = 770, 858, 792, 858, 792, 880, 770, 880
	935 = 792, 0, 814, 0, 814, 22, 792, 22
	936 = 792, 22, 814, 22, 814, 44, 792, 44
	937 = 792, 44, 814, 44, 814, 66, 792, 66
	938 = 792, 66, 814, 66, 814, 88, 792, 88
	939 = 792, 88, 814, 88, 814, 110, 792, 110
	940 = 792, 110, 814, 110, 814, 132, 792, 132
	941 = 792, 132, 814, 132, 814, 154, 792, 154
	942 = 792, 154, 814, 154, 814, 176, 792, 176
	943 = 792, 176, 814, 176, 814, 198, 792, 198
	944 = 792, 198, 814, 198, 814, 220, 792, 220
	945 = 792, 220, 814, 220, 814, 242, 792, 242
	946 = 792, 242, 814, 242, 814, 264, 792, 264
	947 = 792, 264, 814, 264, 814, 286, 792, 286
	948 = 792, 286, 814, 286, 814, 308, 792, 308
	949 = 792, 308, 814, 308, 814, 330, 792, 330
	950 = 792, 330, 814, 330, 814, 352, 792, 352
	951 = 792, 352, 814, 352, 814, 374, 792, 374
	952 = 792, 374, 814, 374, 814, 396, 792, 396
	953 = 792, 396, 814, 396, 814, 418, 792, 418
	954 = 792, 418, 814, 418, 814, 440, 792, 440
	955 = 792, 572, 814, 572, 814, 594, 792, 594
	956 = 792, 594, 814, 594, 814, 616, 792, 616
	957 = 792, 616, 814, 616, 814, 638, 792, 638
	958 = 792, 638, 814, 638, 814, 660, 792, 660
	959 = 792, 660, 814, 660, 814, 682, 792, 682
	960 = 792, 682, 814, 682, 814, 704, 792, 704
	961 = 792, 704, 814, 704, 814, 726, 792, 726
	962 = 792, 726, 814, 726, 814, 748, 792, 748
	963 = 792, 748, 814, 748, 814, 770, 792, 770
	964 = 792, 770, 814, 770, 814, 792, 792, 792
	965 = 792, 792, 814, 792, 814, 814, 792, 814
	966 = 792, 814, 814, 814, 814, 836, 792, 836
	967 = 792, 836, 814, 836, 814, 858, 792, 858
	968 = 792, 858, 814, 858, 814, 880, 792, 880
	969 = 814, 0, 836, 0, 836, 22, 814, 22
	970 = 814, 22, 836, 22, 836, 44, 814, 44
	971 = 814, 44, 836, 44, 836, 66, 814, 66
	972 = 814, 66, 836, 66, 836, 88, 814, 88
	973 = 814, 88, 836, 88, 836, 110, 814, 110
	974 = 814, 110, 836, 110, 836, 132, 814, 132
	975 = 814, 132, 836, 132, 836, 154, 814, 154
	976 = 814, 154, 836, 154, 836, 176, 814, 176
	977 = 814, 176, 836, 176, 836, 198, 814, 198
	978 = 814, 198, 836, 198, 836, 220, 814, 220
	979 = 814, 220, 836, 220, 836, 242, 814, 242
	980 = 814, 242, 836, 242, 836, 264, 814, 264
	981 = 814, 264, 836, 264, 836, 286, 814, 286
	982 = 814, 286, 836, 286, 836, 308, 814, 308
	983 = 814, 308, 836, 308, 836, 330, 814, 330
	984 = 814, 330, 836, 330, 836, 352, 814, 352
	985 = 814, 352, 836, 352, 836, 374, 814, 374
	986 = 814, 374, 836, 374, 836, 396, 814, 396
	987 = 814, 396, 836, 396, 836, 418, 814, 418
	988 = 814, 418, 836, 418, 836, 440, 814, 440
	989 = 814, 572, 836, 572, 836, 594, 814, 594
	990 = 814, 594, 836, 594, 836, 616, 814, 616
	991 = 814, 616, 836, 616, 836, 638, 814, 638
	992 = 814, 638, 836, 638, 836, 660, 814, 660
	993 = 814, 660, 836, 660, 836, 682, 814, 682
	994 = 814, 682, 836, 682, 836, 704, 814, 704
	995 = 814, 704, 836, 704, 836, 726, 814, 726
	996 = 814, 726, 836, 726, 836, 748, 814, 748
	997 = 814, 748, 836, 748, 836, 770, 814, 770
	998 = 814, 770, 836, 770, 836, 792, 814, 792
	999 = 814, 792, 836, 792, 836, 814, 814, 814
	1000 = 814, 814, 836, 814, 836, 836, 814, 836
	1001 = 814, 836, 836, 836, 836, 858, 814, 858
	1002 = 814, 858, 836, 858, 836, 880, 814, 880
	1003 = 836, 0, 858, 0, 858, 22, 836, 22
	1004 = 836, 22, 858, 22, 858, 44, 836, 44
	1005 = 836, 44, 858, 44, 858, 66, 836, 66
	1006 = 836, 66, 858, 66, 858, 88, 836, 88
	1007 = 836, 88, 858, 88, 858, 110, 836, 110
	1008 = 836, 110, 858, 110, 858, 132, 836, 132
	1009 = 836, 132, 858, 132, 858, 154, 836, 154
	1010 = 836, 154, 858, 154, 858, 176, 836, 176
	1011 = 836, 176, 858, 176, 858, 198, 836, 198
	1012 = 836, 198, 858, 198, 858, 220, 836, 220
	1013 = 836, 220, 858, 220, 858, 242, 836, 242
	1014 = 836, 242, 858, 242, 858, 264, 836, 264
	1015 = 836, 264, 858, 264, 858, 286, 836, 286
	1016 = 836, 286, 858, 286, 858, 308, 836, 308
	1017 = 836, 308, 858, 308, 858, 330, 836, 330
	1018 = 836, 330, 858, 330, 858, 352, 836, 352
	1019 = 836, 352, 858, 352, 858, 374, 836, 374
	1020 = 836, 374, 858, 374, 858, 396, 836, 396
	1021 = 836, 396, 858, 396, 858, 418, 836, 418
	1022 = 836, 418, 858, 418, 858, 440, 836, 440
	1023 = 836, 572, 858, 572, 858, 594, 836, 594
	1024 = 836, 594, 858, 594, 858, 616, 836, 616
	1025 = 836, 616, 858, 616, 858, 638, 836, 638
	1026 = 836, 638, 858, 638, 858, 660, 836, 660
	1027 = 836, 660, 858, 660, 858, 682, 836, 682
	1028 = 836, 682, 858, 682, 858, 704, 836, 704
	1029 = 836, 704, 858, 704, 858, 726, 836, 726
	1030 = 836, 726, 858, 726, 858, 748, 836, 748
	1031 = 836, 748, 858, 748, 858, 770, 836, 770
	1032 = 836, 770, 858, 770, 858, 792, 836, 792
	1033 = 836, 792, 858, 792, 858, 814, 836, 814
	1034 = 836, 814, 858, 814, 858, 836, 836, 836
	1035 = 836, 836, 858, 836, 858, 858, 836, 858
	1036 = 836, 858, 858, 858, 858, 880, 836, 880
	1037 = 858, 0, 880, 0, 880, 22, 858, 22
	1038 = 858, 22, 880, 22, 880, 44, 858, 44
	1039 = 858, 44, 880, 44, 880, 66, 858, 66
	1040 = 858, 66, 880, 66, 880, 88, 858, 88
	1041 = 858, 88, 880, 88, 880, 110, 858, 110
	1042 = 858, 110, 880, 110, 880, 132, 858, 132
	1043 = 858, 132, 880, 132, 880, 154, 858, 154
	1044 = 858, 154, 880, 154, 880, 176, 858, 176
	1045 = 858, 176, 880, 176, 880, 198, 858, 198
	1046 = 858, 198, 880, 198, 880, 220, 858, 220
	1047 = 858, 220, 880, 220, 880, 242, 858, 242
	1048 = 858, 242, 880, 242, 880, 264, 858, 264
	1049 = 858, 264, 880, 264, 880, 286, 858, 286
	1050 = 858, 286, 880, 286, 880, 308, 858, 308
	1051 = 858, 308, 880, 308, 880, 330, 858, 330
	1052 = 858, 330, 880, 330, 880, 352, 858, 352
	1053 = 858, 352, 880, 352, 880, 374, 858, 374
	1054 = 858, 374, 880, 374, 880, 396, 858, 396
	1055 = 858, 396, 880, 396, 880, 418, 858, 418
	1056 = 858, 418, 880, 418, 880, 440, 858, 440
	1057 = 858, 572, 880, 572, 880, 594, 858, 594
	1058 = 858, 594, 880, 594, 880, 616, 858, 616
	1059 = 858, 616, 880, 616, 880, 638, 858, 638
	1060 = 858, 638, 880, 638, 880, 660, 858, 660
	1061 = 858, 660, 880, 660, 880, 682, 858, 682
	1062 = 858, 682, 880, 682, 880, 704, 858, 704
	1063 = 858, 704, 880, 704, 880, 726, 858, 726
	1064 = 858, 726, 880, 726, 880, 748, 858, 748
	1065 = 858, 748, 880, 748, 880, 770, 858, 770
	1066 = 858, 770, 880, 770, 880, 792, 858, 792
	1067 = 858, 792, 880, 792, 880, 814, 858, 814
	1068 = 858, 814, 880, 814, 880, 836, 858, 836
	1069 = 858, 836, 880, 836, 880, 858, 858, 858
	1070 = 858, 858, 880, 858, 880, 880, 858, 880
	1071 = 880, 0, 902, 0, 902, 22, 880, 22
	1072 = 880, 22, 902, 22, 902, 44, 880, 44
	1073 = 880, 44, 902, 44, 902, 66, 880, 66
	1074 = 880, 66, 902, 66, 902, 88, 880, 88
	1075 = 880, 88, 902, 88, 902, 110, 880, 110
	1076 = 880, 110, 902, 110, 902, 132, 880, 132
	1077 = 880, 132, 902, 132, 902, 154, 880, 154
	1078 = 880, 154, 902, 154, 902, 176, 880, 176
	1079 = 880, 176, 902, 176, 902, 198, 880, 198
	1080 = 880, 198, 902, 198, 902, 220, 880, 220
	1081 = 880, 220, 902, 220, 902, 242, 880, 242
	1082 = 880, 242, 902, 242, 902, 264, 880, 264
	1083 = 880, 264, 902, 264, 902, 286, 880, 286
	1084 = 880, 286, 902, 286, 902, 308, 880, 308
	1085 = 880, 308, 902, 308, 902, 330, 880, 330
	1086 = 880, 330, 902, 330, 902, 352, 880, 352
	1087 = 880, 352, 902, 352, 902, 374, 880, 374
	1088 = 880, 374, 902, 374, 902, 396, 880, 396
	1089 = 880, 396, 902, 396, 902, 418, 880, 418
	1090 = 880, 418, 902, 418, 902, 440, 880, 440
	1091 = 880, 572, 902, 572, 902, 594, 880, 594
	1092 = 880, 594, 902, 594, 902, 616, 880, 616
	1093 = 880, 616, 902, 616, 902, 638, 880, 638
	1094 = 880, 638, 902, 638, 902, 660, 880, 660
	1095 = 880, 660, 902, 660, 902, 682, 880, 682
	1096 = 880, 682, 902, 682, 902, 704, 880, 704
	1097 = 880, 704, 902, 704, 902, 726, 880, 726
	1098 = 880, 726, 902, 726, 902, 748, 880, 748
	1099 = 880, 748, 902, 748, 902, 770, 880, 770
	1100 = 880, 770, 902, 770, 902, 792, 880, 792
	1101 = 880, 792, 902, 792, 902, 814, 880, 814
	1102 = 880, 814, 902, 814, 902, 836, 880, 836
	1103 = 880, 836, 902, 836, 902, 858, 880, 858
	1104 = 880, 858, 902, 858, 902, 880, 880, 880
	1105 = 902, 0, 924, 0, 924, 22, 902, 22
	1106 = 902, 22, 924, 22, 924, 44, 902, 44
	1107 = 902, 44, 924, 44, 924, 66, 902, 66
	1108 = 902, 66, 924, 66, 924, 88, 902, 88
	1109 = 902, 88, 924, 88, 924, 110, 902, 110
	1110 = 902, 110, 924, 110, 924, 132, 902, 132
	1111 = 902, 132, 924, 132, 924, 154, 902, 154
	1112 = 902, 154, 924, 154, 924, 176, 902, 176
	1113 = 902, 176, 924, 176, 924, 198, 902, 198
	1114 = 902, 198, 924, 198, 924, 220, 902, 220
	1115 = 902, 220, 924, 220, 924, 242, 902, 242
	1116 = 902, 242, 924, 242, 924, 264, 902, 264
	1117 = 902, 264, 924, 264, 924, 286, 902, 286
	1118 = 902, 286, 924, 286, 924, 308, 902, 308
	1119 = 902, 308, 924, 308, 924, 330, 902, 330
	1120 = 902, 330, 924, 330, 924, 352, 902, 352
	1121 = 902, 352, 924, 352, 924, 374, 902, 374
	1122 = 902, 374, 924, 374, 924, 396, 902, 396
	1123 = 902, 396, 924, 396, 924, 418, 902, 418
	1124 = 902, 418, 924, 418, 924, 440, 902, 440
	1125 = 902, 572, 924, 572, 924, 594, 902, 594
	1126 = 902, 594, 924, 594, 924, 616, 902, 616
	1127 = 902, 616, 924, 616, 924, 638, 902, 638
	1128 = 902, 638, 924, 638, 924, 660, 902, 660
	1129 = 902, 660, 924, 660, 924, 682, 902, 682
	1130 = 902, 682, 924, 682, 924, 704, 902, 704
	1131 = 902, 704, 924, 704, 924, 726, 902, 726
	1132 = 902, 726, 924, 726, 924, 748, 902, 748
	1133 = 902, 748, 924, 748, 924, 770, 902, 770
	1134 = 902, 770, 924, 770, 924, 792, 902, 792
	1135 = 902, 792, 924, 792, 924, 814, 902, 814
	1136 = 902, 814, 924, 814, 924, 836, 902, 836
	1137 = 902, 836, 924, 836, 924, 858, 902, 858
	1138 = 902, 858, 924, 858, 924, 880, 902, 880
	1139 = 924, 0, 946, 0, 946, 22, 924, 22
	1140 = 924, 22, 946, 22, 946, 44, 924, 44
	1141 = 924, 44, 946, 44, 946, 66, 924, 66
	1142 = 924, 66, 946, 66, 946, 88, 924, 88
	1143 = 924, 88, 946, 88, 946, 110, 924, 110
	1144 = 924, 110, 946, 110, 946, 132, 924, 132
	1145 = 924, 132, 946, 132, 946, 154, 924, 154
	1146 = 924, 154, 946, 154, 946, 176, 924, 176
	1147 = 924, 176, 946, 176, 946, 198, 924, 198
	1148 = 924, 198, 946, 198, 946, 220, 924, 220
	1149 = 924, 220, 946, 220, 946, 242, 924, 242
	1150 = 924, 242, 946, 242, 946, 264, 924, 264
	1151 = 924, 264, 946, 264, 946, 286, 924, 286
	1152 = 924, 286, 946, 286, 946, 308, 924, 308
	1153 = 924, 308, 946, 308, 946, 330, 924, 330
	1154 = 924, 330, 946, 330, 946, 352, 924, 352
	1155 = 924, 352, 946, 352, 946, 374, 924, 374
	1156 = 924, 374, 946, 374, 946, 396, 924, 396
	1157 = 924, 396, 946, 396, 946, 418, 924, 418
	1158 = 924, 418, 946, 418, 946, 440, 924, 440
	1159 = 924, 572, 946, 572, 946, 594, 924, 594
	1160 = 924, 594, 946, 594, 946, 616, 924, 616
	1161 = 924, 616, 946, 616, 946, 638, 924, 638
	1162 = 924, 638, 946, 638, 946, 660, 924, 660
	1163 = 924, 660, 946, 660, 946, 682, 924, 682
	1164 = 924, 682, 946, 682, 946, 704, 924, 704
	1165 = 924, 704, 946, 704, 946, 726, 924, 726
	1166 = 924, 726, 946, 726, 946, 748, 924, 748
	1167 = 924, 748, 946, 748, 946, 770, 924, 770
	1168 = 924, 770, 946, 770, 946, 792, 924, 792
	1169 = 924, 792, 946, 792, 946, 814, 924, 814
	1170 = 924, 814, 946, 814, 946, 836, 924, 836
	1171 = 924, 836, 946, 836, 946, 858, 924, 858
	1172 = 924, 858, 946, 858, 946, 880, 924, 880
	1173 = 946, 0, 968, 0, 968, 22, 946, 22
	1174 = 946, 22, 968, 22, 968, 44, 946, 44
	1175 = 946, 44, 968, 44, 968, 66, 946, 66
	1176 = 946, 66, 968, 66, 968, 88, 946, 88
	1177 = 946, 88, 968, 88, 968, 110, 946, 110
	1178 = 946, 110, 968, 110, 968, 132, 946, 132
	1179 = 946, 132, 968, 132, 968, 154, 946, 154
	1180 = 946, 154, 968, 154, 968, 176, 946, 176
	1181 = 946, 176, 968, 176, 968, 198, 946, 198
	1182 = 946, 198, 968, 198, 968, 220, 946, 220
	1183 = 946, 220, 968, 220, 968, 242, 946, 242
	1184 = 946, 242, 968, 242, 968, 264, 946, 264
	1185 = 946, 264, 968, 264, 968, 286, 946, 286
	1186 = 946, 286, 968, 286, 968, 308, 946, 308
	1187 = 946, 308, 968, 308, 968, 330, 946, 330
	1188 = 946, 330, 968, 330, 968, 352, 946, 352
	1189 = 946, 352, 968, 352, 968, 374, 946, 374
	1190 = 946, 374, 968, 374, 968, 396, 946, 396
	1191 = 946, 396, 968, 396, 968, 418, 946, 418
	1192 = 946, 418, 968, 418, 968, 440, 946, 440
	1193 = 946, 572, 968, 572, 968, 594, 946, 594
	1194 = 946, 594, 968, 594, 968, 616, 946, 616
	1195 = 946, 616, 968, 616, 968, 638, 946, 638
	1196 = 946, 638, 968, 638, 968, 660, 946, 660
	1197 = 946, 660, 968, 660, 968, 682, 946, 682
	1198 = 946, 682, 968, 682, 968, 704, 946, 704
	1199 = 946, 704, 968, 704, 968, 726, 946, 726
	1200 = 946, 726, 968, 726, 968, 748, 946, 748
	1201 = 946, 748, 968, 748, 968, 770, 946, 770
	1202 = 946, 770, 968, 770, 968, 792, 946, 792
	1203 = 946, 792, 968, 792, 968, 814, 946, 814
	1204 = 946, 814, 968, 814, 968, 836, 946, 836
	1205 = 946, 836, 968, 836, 968, 858, 946, 858
	1206 = 946, 858, 968, 858, 968, 880, 946, 880
	1207 = 968, 0, 990, 0, 990, 22, 968, 22
	1208 = 968, 22, 990, 22, 990, 44, 968, 44
	1209 = 968, 44, 990, 44, 990, 66, 968, 66
	1210 = 968, 66, 990, 66, 990, 88, 968, 88
	1211 = 968, 88, 990, 88, 990, 110, 968, 110
	1212 = 968, 110, 990, 110, 990, 132, 968, 132
	1213 = 968, 132, 990, 132, 990, 154, 968, 154
	1214 = 968, 154, 990, 154, 990, 176, 968, 176
	1215 = 968, 176, 990, 176, 990, 198, 968, 198
	1216 = 968, 198, 990, 198, 990, 220, 968, 220
	1217 = 968, 220, 990, 220, 990, 242, 968, 242
	1218 = 968, 242, 990, 242, 990, 264, 968, 264
	1219 = 968, 264, 990, 264, 990, 286, 968, 286
	1220 = 968, 286, 990, 286, 990, 308, 968, 308
	1221 = 968, 308, 990, 308, 990, 330, 968, 330
	1222 = 968, 330, 990, 330, 990, 352, 968, 352
	1223 = 968, 352, 990, 352, 990, 374, 968, 374
	1224 = 968, 374, 990, 374, 990, 396, 968, 396
	1225 = 968, 396, 990, 396, 990, 418, 968, 418
	1226 = 968, 418, 990, 418, 990, 440, 968, 440
	1227 = 968, 572, 990, 572, 990, 594, 968, 594
	1228 = 968, 594, 990, 594, 990, 616, 968, 616
	1229 = 968, 616, 990, 616, 990, 638, 968, 638
	1230 = 968, 638, 990, 638, 990, 660, 968, 660
	1231 = 968, 660, 990, 660, 990, 682, 968, 682
	1232 = 968, 682, 990, 682, 990, 704, 968, 704
	1233 = 968, 704, 990, 704, 990, 726, 968, 726
	1234 = 968, 726, 990, 726, 990, 748, 968, 748
	1235 = 968, 748, 990, 748, 990, 770, 968, 770
	1236 = 968, 770, 990, 770, 990, 792, 968, 792
	1237 = 968, 792, 990, 792, 990, 814, 968, 814
	1238 = 968, 814, 990, 814, 990, 836, 968, 836
	1239 = 968, 836, 990, 836, 990, 858, 968, 858
	1240 = 968, 858, 990, 858, 990, 880, 968, 880
	1241 = 990, 0, 1012, 0, 1012, 22, 990, 22
	1242 = 990, 22, 1012, 22, 1012, 44, 990, 44
	1243 = 990, 44, 1012, 44, 1012, 66, 990, 66
	1244 = 990, 66, 1012, 66, 1012, 88, 990, 88
	1245 = 990, 88, 1012, 88, 1012, 110, 990, 110
	1246 = 990, 110, 1012, 110, 1012, 132, 990, 132
	1247 = 990, 132, 1012, 132, 1012, 154, 990, 154
	1248 = 990, 154, 1012, 154, 1012, 176, 990, 176
	1249 = 990, 176, 1012, 176, 1012, 198, 990, 198
	1250 = 990, 198, 1012, 198, 1012, 220, 990, 220
	1251 = 990, 220, 1012, 220, 1012, 242, 990, 242
	1252 = 990, 242, 1012, 242, 1012, 264, 990, 264
	1253 = 990, 264, 1012, 264, 1012, 286, 990, 286
	1254 = 990, 286, 1012, 286, 1012, 308, 990, 308
	1255 = 990, 308, 1012, 308, 1012, 330, 990, 330
	1256 = 990, 330, 1012, 330, 1012, 352, 990, 352
	1257 = 990, 352, 1012, 352, 1012, 374, 990, 374
	1258 = 990, 374, 1012, 374, 1012, 396, 990, 396
	1259 = 990, 396, 1012, 396, 1012, 418, 990, 418
	1260 = 990, 418, 1012, 418, 1012, 440, 990, 440
	1261 = 990, 572, 1012, 572, 1012, 594, 990, 594
	1262 = 990, 594, 1012, 594, 1012, 616, 990, 616
	1263 = 990, 616, 1012, 616, 1012, 638, 990, 638
	1264 = 990, 638, 1012, 638, 1012, 660, 990, 660
	1265 = 990, 660, 1012, 660, 1012, 682, 990, 682
	1266 = 990, 682, 1012, 682, 1012, 704, 990, 704
	1267 = 990, 704, 1012, 704, 1012, 726, 990, 726
	1268 = 990, 726, 1012, 726, 1012, 748, 990, 748
	1269 = 990, 748, 1012, 748, 1012, 770, 990, 770
	1270 = 990, 770, 1012, 770, 1012, 792, 990, 792
	1271 = 990, 792, 1012, 792, 1012, 814, 990, 814
	1272 = 990, 814, 1012, 814, 1012, 836, 990, 836
	1273 = 990, 836, 1012, 836, 1012, 858, 990, 858
	1274 = 990, 858, 1012, 858, 1012, 880, 990, 880
}

